$ 1 0.000005 10.20027730826997 50 5 43 5e-11
s 80 208 144 208 0 1 false
c 144 208 144 144 4 0.000015 -0.6075362981085064 -10 0.1
v 80 208 80 144 0 0 40 12 0 0 0.5
T 224 144 272 144 0 4 2 -0.0010581740228550332 4.096178889351557e-9 0.999
w 144 144 224 144 0
w 224 176 144 208 0
w 80 144 144 144 0
w 272 144 320 144 0
w 272 176 320 192 0
187 320 144 320 192 0 1000 1000000000 100 0.001
w 80 208 32 208 0
w 32 208 32 96 0
w 32 96 320 96 0
w 320 96 320 144 0
207 320 192 320 240 4 label
o 1 64 0 4099 2.5 0.00625 0 2 1 3
38 1 F1 0 0.000001 0.000101 -1 Capacitance
